4.940656458E-324
2.022248347E-60
4.940656458E-324
1.443681447E-73
3.786520770E-96
9.881312917E-324
1.311127151E-124
2.762443592E-107
6.553063036E-82
4.940656458E-324
4.940656458E-324
1.260361237E-238
4.940656458E-324
9.881312917E-324
4.940656458E-324
1.986746508E-02
8.299205965E-02
0.000000000E+00
0.000000000E+00
2.986599028E-142
4.940656458E-324
4.940656458E-324
2.231231830E-22
9.881312917E-324
1.976262583E-323
3.449448190E-142
7.598934356E-55
4.940656458E-324
4.940656458E-324
1.833031280E-66
2.732527943E-282
1.283648299E-112
4.940656458E-324
4.940656458E-324
0.000000000E+00
9.881312917E-324
5.264981441E-217
3.371012685E-89
6.119451976E-199
4.573991120E-02
4.940656458E-324
4.940656458E-324
9.881312917E-324
5.669670502E-03
0.000000000E+00
2.020534231E-131
1.787639495E-47
4.940656458E-324
7.604154729E-08
9.881312917E-324
3.169927385E-02
1.523847781E-135
4.940656458E-324
1.718367825E-01
0.000000000E+00
9.881312917E-324
7.670982517E-140
3.912369094E-03
1.482196938E-323
1.319412157E-146
4.425441795E-56
7.526411457E-125
9.435756064E-02
1.485210309E-98
4.940656458E-324
4.940656458E-324
4.940656458E-324
4.940656458E-324
4.940656458E-324
2.523932359E-127
4.940656458E-324
4.034159677E-34
9.881312917E-324
2.207806694E-89
1.630983616E-01
8.630625046E-06
4.940656458E-324
4.940656458E-324
1.536492499E-180
8.466275554E-62
9.261333052E-04
9.881312917E-324
8.730544748E-02
4.940656458E-324
4.940656458E-324
4.940656458E-324
4.533166101E-27
0.000000000E+00
1.482196938E-323
6.523119410E-241
7.684243673E-02
4.940656458E-324
2.695694151E-27
9.881312917E-324
3.670269246E-01
4.940656458E-324
2.166989007E-28
4.940656458E-324
4.940656458E-324
1.623543144E-197
4.940656458E-324
4.940656458E-324
0.000000000E+00
4.940656458E-324
4.728308941E-301
6.016599851E-30
4.514318133E-77
7.325483542E-23
4.940656458E-324
4.940656458E-324
3.557756414E-64
3.750334381E-119
4.940656458E-324
5.065459474E-34
4.006308342E-109
9.881312917E-324
4.940656458E-324
2.312917376E-124
3.148948652E-31
4.940656458E-324
3.240162916E-102
3.285722740E-117
1.440235545E-01
1.482196938E-323
6.473020153E-02
4.940656458E-324
6.337825163E-02
9.881312917E-324
