1.469349787E-74
3.221358971E-93
9.788936810E-03
1.573740592E-01
3.377865515E-108
1.881356416E-110
6.237338683E-155
5.291818192E-78
1.854057089E-03
1.394330290E-74
6.613728155E-305
3.241191822E-02
1.015277016E-215
1.278245565E-97
2.586387602E-58
7.136768833E-112
7.820126251E-153
2.490466380E-142
2.346148040E-89
1.494742097E-75
3.001196799E-246
5.237038587E-157
1.121888144E-68
4.329105410E-117
1.966096202E-42
2.697527157E-01
1.720583086E-201
7.012443926E-124
3.523742116E-191
4.870106006E-120
2.499500058E-07
4.090251671E-203
6.422853396E-323
2.470328229E-323
6.329947454E-162
2.271694246E-05
6.482050170E-209
7.118447304E-16
2.890924395E-112
1.138093274E-178
5.902595551E-131
1.241782004E-237
1.231000145E-55
2.722819146E-81
5.551792167E-75
3.338653880E-110
3.134356591E-178
5.572579164E-165
2.854617193E-35
1.198626398E-162
1.335989040E-01
7.109739268E-02
8.834145203E-03
3.069113399E-118
8.956733055E-142
1.615770069E-99
2.737541722E-02
9.417159190E-180
1.154987317E-128
2.846284975E-73
4.911614245E-186
2.764708057E-18
3.448231944E-26
2.848502241E-61
1.634355573E-18
1.713216609E-212
6.075437005E-238
1.840206841E-314
3.000789834E-69
6.457615429E-02
2.747724059E-09
3.661738057E-142
3.129568235E-117
7.522908402E-149
1.459355530E-05
4.264315511E-162
3.327447974E-228
8.791329784E-178
5.511550930E-02
3.669783249E-39
6.002748094E-104
7.774438728E-98
1.841248718E-117
3.347476473E-191
2.479329608E-49
4.114050284E-144
1.996655269E-140
2.143144622E-44
3.003588484E-02
4.597582023E-72
2.412745965E-41
8.456597850E-269
3.090742774E-58
3.418420557E-02
2.003791854E-02
1.329458572E-47
7.980876237E-87
1.886849862E-02
5.434722104E-323
6.889412664E-27
3.833931158E-219
1.408214133E-161
9.916668080E-152
6.176448600E-229
1.403605093E-162
1.411930464E-98
1.690113338E-94
7.332502205E-108
7.019421500E-151
2.764197345E-217
3.864691999E-263
3.244921093E-52
6.617893291E-145
7.314117525E-154
1.385613087E-07
6.695067985E-177
9.900260899E-123
1.411074215E-96
1.538371994E-235
6.535584107E-30
1.750475432E-96
1.102560552E-138
2.139049069E-92
1.680401964E-117
3.154794278E-02
2.846340603E-198
4.192839915E-02
1.419554932E-02
