1.437653174E-27
5.346510106E-189
3.952525167E-323
5.077796628E-72
6.559833244E-03
4.856141747E-117
1.284835554E-105
8.439692686E-156
1.261025376E-02
2.869131333E-134
4.940656458E-323
8.476839126E-280
9.548787279E-30
6.368450216E-98
1.328267253E-224
4.446590813E-323
1.021267355E-113
2.470328229E-323
1.976262583E-323
1.013227358E-204
2.964393875E-323
2.964393875E-323
7.628243776E-04
2.964393875E-323
3.952525167E-323
9.682450856E-54
3.588254458E-72
3.952525167E-323
3.458459521E-323
4.703257210E-146
2.560669645E-02
7.806308392E-230
8.852998007E-275
4.446590813E-323
1.482196938E-323
4.162393591E-101
1.417763471E-56
1.898528060E-02
4.446590813E-323
1.874689594E-85
3.521386288E-158
6.279155823E-230
4.041539613E-65
6.101867752E-257
3.458459521E-323
7.398526622E-91
2.582247276E-192
3.091742698E-231
3.587589270E-02
4.446590813E-323
1.308456916E-203
6.476266274E-02
4.940656458E-323
3.629437883E-34
1.976262583E-323
7.745732053E-280
6.317695140E-48
7.931205490E-03
2.444524393E-120
3.582848984E-192
7.677363430E-33
2.410493713E-199
3.840149486E-21
2.092253047E-165
1.510055986E-163
3.458459521E-323
3.458459521E-323
2.189750294E-44
3.952525167E-323
2.964393875E-323
4.940656458E-323
2.483040824E-03
3.579827499E-01
2.248844840E-260
1.217752793E-226
8.936294335E-170
2.852229026E-206
1.241494315E-282
2.933859839E-12
2.224668276E-02
3.547790377E-256
1.260561173E-122
4.227512560E-156
3.952525167E-323
3.952525167E-323
1.904726727E-174
5.620001048E-02
2.964393875E-323
2.075304967E-275
6.043486431E-46
5.151276671E-203
2.964393875E-323
4.806026590E-27
4.079667819E-308
5.428144019E-02
8.450891470E-299
3.191997388E-02
1.742222432E-265
1.976262583E-323
6.053535473E-02
7.305791580E-154
2.964393875E-323
1.482196938E-323
2.470328229E-323
5.577860913E-312
4.317280685E-90
3.361715445E-218
3.045752906E-01
1.976262583E-323
1.712289898E-270
3.189354122E-120
3.952525167E-323
3.458459521E-323
6.393287378E-63
2.666729628E-05
4.104110332E-223
2.964393875E-323
8.163459273E-214
4.097113031E-166
1.186289649E-43
3.458459521E-323
1.608851566E-42
3.935787029E-145
1.648294299E-15
7.597167398E-02
4.446590813E-323
2.868412555E-158
4.940656458E-323
