3.739500837E-03
2.242817090E-03
1.288822152E-02
1.614191987E-04
1.077296669E-02
4.826462172E-03
4.239565320E-03
1.122754534E-02
1.288374881E-02
6.106885637E-03
9.630882340E-03
1.376242478E-03
7.849094222E-03
7.557772681E-02
2.391969730E-03
1.732633506E-02
1.808754542E-03
2.520982139E-03
2.283757964E-03
3.889093515E-03
5.256383543E-11
1.400460700E-03
3.386034589E-03
7.522425127E-06
6.177289822E-05
2.048336060E-04
1.697325947E-02
2.876928772E-03
1.704603911E-03
2.707739336E-03
2.994520185E-02
2.517054647E-03
1.065261615E-04
2.327787590E-02
8.840464903E-06
3.255536562E-02
2.495907956E-04
2.246120216E-02
8.621556187E-04
6.089165841E-03
1.551622518E-03
2.624890235E-03
1.297912808E-04
1.147132797E-03
3.364196964E-02
7.826363754E-04
1.631214333E-03
1.586798629E-03
7.898612503E-02
6.430201460E-02
1.802146999E-03
3.225626014E-03
4.381595858E-14
2.324004150E-05
1.486522482E-03
2.534965058E-02
7.139879121E-03
5.386538896E-04
5.557162279E-03
6.248832779E-04
7.015721746E-03
2.991519202E-02
1.180631592E-03
4.514927979E-03
4.672439202E-05
5.187721225E-03
1.144723548E-02
3.947309819E-05
9.075058940E-03
6.391348239E-07
7.538900630E-03
2.419463844E-03
2.255223534E-03
3.761037810E-03
1.668209067E-02
1.619185358E-02
1.221912442E-03
2.218497860E-02
6.084782615E-06
9.422630516E-03
3.908111742E-04
2.076124070E-03
7.304192438E-02
9.429535367E-03
8.196596767E-03
6.821008852E-03
4.550575435E-04
2.155600804E-02
2.550006113E-02
5.616940630E-03
3.893070612E-03
2.854394059E-03
1.171351389E-05
3.242801488E-03
3.706915679E-02
4.837631951E-03
5.364185395E-06
1.762216761E-03
1.059548408E-03
4.498896649E-02
6.594791794E-03
1.697098169E-02
1.904635025E-03
2.463223605E-04
1.241329689E-04
8.363362294E-05
1.983203538E-03
2.305693001E-03
3.071515358E-03
2.425578288E-03
6.892111299E-03
3.139886469E-04
1.422124329E-03
5.917164383E-03
7.124904109E-04
4.894603083E-03
1.314578649E-03
9.825646394E-04
3.817231242E-03
8.400031773E-02
1.190495220E-04
7.051912394E-03
8.592474694E-05
3.103558402E-03
5.087246082E-02
9.329040285E-03
1.759409612E-03
2.084431935E-02
