1.472346036E-148
6.440760890E-217
3.031289697E-225
8.893181625E-323
2.470328229E-323
3.458459521E-323
5.434722104E-323
2.470328229E-323
2.470328229E-323
6.916919042E-323
9.217251053E-206
1.976262583E-323
1.029085381E-17
6.430153431E-75
1.155386511E-33
1.976262583E-323
9.184656067E-85
5.395213698E-02
3.881969872E-02
3.458459521E-323
3.790679419E-02
5.766604314E-58
3.952525167E-323
1.482196938E-323
1.482196938E-323
5.713072569E-136
4.533355804E-71
1.605905295E-18
2.326071908E-24
5.928787750E-323
1.235735914E-169
2.000331822E-59
3.411085090E-02
2.964393875E-323
1.482196938E-323
1.182289619E-05
1.106723109E-16
3.952525167E-323
2.470328229E-323
2.470328229E-323
1.416004678E-57
6.616232611E-03
2.067044901E-19
4.932558134E-57
9.680737954E-03
1.633447646E-156
3.854162082E-186
8.491319328E-308
7.410984688E-323
5.434722104E-323
1.976262583E-323
1.976262583E-323
6.306466095E-02
2.693670905E-239
1.791011319E-22
5.434722104E-323
3.458459521E-323
3.507089314E-02
1.796319756E-26
7.095570334E-170
6.916919042E-323
3.458459521E-323
5.928787750E-323
3.458459521E-323
1.061093234E-282
6.916919042E-323
1.023964713E-11
5.801543553E-02
2.470328229E-323
1.482196938E-323
2.470328229E-323
2.092700298E-71
9.307372138E-28
2.470328229E-323
1.976262583E-323
2.964393875E-323
6.355948064E-29
4.940656458E-323
7.678538146E-65
1.771599127E-214
5.914122093E-02
2.623087759E-31
3.952525167E-323
3.952525167E-323
1.081822907E-02
1.976262583E-323
2.935308080E-163
1.012626139E-35
2.964393875E-323
4.940656458E-323
2.964393875E-323
2.123502712E-06
1.087953045E-288
9.407509765E-03
4.940656458E-323
2.470328229E-323
2.699414320E-04
1.551660407E-146
5.235430687E-24
2.470328229E-323
1.415196386E-18
3.014774236E-35
4.190155651E-02
1.482196938E-323
2.727899769E-02
6.351584520E-251
8.824909125E-240
1.379902644E-83
4.849536042E-02
3.757035101E-08
4.684838884E-82
1.976262583E-323
1.265921264E-35
5.928787750E-323
8.399115979E-323
4.940656458E-323
2.127680004E-46
2.594491511E-115
3.952525167E-323
3.727902792E-67
9.881312917E-324
7.410984688E-323
9.994420047E-14
2.095233943E-09
1.969284244E-268
1.452298913E-01
3.924412764E-88
3.853478600E-235
