7.265283335E-115
8.879188756E-109
2.155210679E-69
5.059172038E-48
8.884932850E-79
7.982862048E-65
5.334623655E-91
8.484090610E-80
1.113402862E-71
9.974962972E-02
4.187140579E-03
3.502372714E-10
2.124318273E-263
4.220141909E-162
5.848128738E-282
4.278672306E-107
3.458459521E-323
3.458459521E-323
2.470328229E-323
2.043845299E-35
3.458459521E-323
2.146368211E-169
8.488754061E-78
1.041718269E-286
5.795876786E-217
6.697710409E-244
2.964393875E-323
4.940656458E-323
2.470328229E-323
3.981412442E-297
4.080166686E-02
2.470328229E-323
3.458459521E-323
1.503552490E-83
3.633361893E-244
1.389440743E-225
3.458459521E-323
1.065744138E-01
5.178441365E-51
3.650029153E-93
4.462052390E-32
2.964393875E-323
1.911812699E-02
1.482196938E-323
8.286185235E-303
9.376664640E-70
5.434722104E-323
6.754649605E-02
2.158383308E-17
5.714274741E-03
1.631252273E-33
4.520659977E-31
5.707854669E-209
3.952525167E-323
3.439210014E-97
8.859779308E-38
5.462719558E-27
1.976262583E-323
3.952525167E-323
1.496633856E-241
3.583800918E-101
6.907321659E-134
3.126181401E-58
3.473853816E-25
1.999081899E-03
6.755156681E-03
2.964393875E-323
2.470328229E-323
1.781358123E-14
5.321100663E-309
5.704718051E-02
4.254493018E-197
5.341994292E-185
9.299692011E-100
3.722051301E-43
9.826347687E-89
3.801404911E-109
4.899186581E-24
4.940656458E-323
1.371961287E-49
2.964393875E-323
3.667039185E-282
2.089073082E-83
1.439956788E-105
9.642639677E-239
1.860333447E-41
5.273083140E-148
3.179812114E-02
1.359975857E-253
2.829836052E-01
5.335532819E-51
2.964393875E-323
1.906111971E-67
3.941536172E-168
3.852927440E-05
6.171916075E-15
3.952525167E-323
3.523854158E-71
1.482196938E-323
9.262443591E-60
2.964393875E-323
2.019975137E-110
4.446590813E-323
4.115905870E-207
3.458459521E-323
2.219460379E-270
1.883262058E-96
5.660114311E-08
5.434722104E-323
3.175127360E-279
3.458459521E-323
1.815843360E-01
3.870148443E-229
5.077407503E-84
1.611117642E-69
7.857529079E-10
2.949750240E-251
4.940656458E-323
1.054411635E-135
9.146410178E-60
6.615870641E-241
5.338981293E-60
2.470328229E-323
7.892767138E-36
2.785389387E-02
6.171351034E-258
1.417124755E-100
4.718184958E-02
