9.881312917E-324
6.963603994E-20
9.881312917E-324
5.829639476E-59
6.687649834E-95
6.916919042E-323
8.949696745E-102
4.073256444E-212
4.298635046E-02
9.881312917E-324
9.881312917E-324
5.984470384E-240
9.881312917E-324
1.976262583E-323
1.482196938E-323
5.995501851E-63
2.146895917E-01
4.940656458E-324
4.940656458E-324
3.470111780E-149
4.940656458E-324
4.940656458E-324
1.881823724E-07
4.446590813E-323
3.952525167E-323
1.202111794E-280
1.450851105E-17
4.940656458E-324
9.881312917E-324
6.904026489E-67
5.928787750E-323
1.085906205E-42
1.482196938E-323
1.482196938E-323
4.940656458E-324
2.470328229E-323
1.790370982E-289
5.424526406E-79
2.405424264E-142
8.059069539E-03
1.482196938E-323
1.482196938E-323
1.976262583E-323
7.121029923E-02
4.940656458E-324
1.003997291E-63
1.956878580E-01
9.881312917E-324
6.506129289E-02
2.470328229E-323
1.775351304E-02
1.454208875E-144
9.881312917E-324
1.271603610E-01
4.940656458E-324
1.482196938E-323
4.121828124E-317
8.893181625E-323
5.928787750E-323
7.905050333E-323
2.623557830E-75
9.205367519E-126
2.856456895E-02
6.187164658E-68
1.482196938E-323
1.482196938E-323
9.881312917E-324
1.976262583E-323
9.881312917E-324
1.920396650E-209
4.940656458E-324
5.389749745E-04
4.446590813E-323
8.021559674E-74
4.278625482E-07
7.887728093E-54
9.881312917E-324
4.940656458E-324
8.399115979E-323
1.811001310E-164
3.035910697E-60
3.952525167E-323
2.390212550E-01
1.482196938E-323
4.940656458E-324
1.482196938E-323
1.500139454E-24
4.940656458E-324
2.964393875E-323
5.585096477E-278
1.755594453E-01
4.940656458E-324
9.039745229E-24
1.976262583E-323
9.759346210E-19
1.976262583E-323
1.291653714E-11
4.940656458E-324
9.881312917E-324
9.881312917E-323
1.482196938E-323
4.940656458E-324
4.940656458E-324
9.881312917E-324
2.964393875E-323
1.506343601E-02
5.261423141E-05
2.931617116E-17
4.940656458E-324
9.881312917E-324
6.486669681E-66
9.241717418E-86
4.940656458E-324
1.618439988E-42
1.663749518E-156
1.976262583E-323
4.940656458E-324
3.026924091E-107
2.936517414E-40
1.976262583E-323
5.219690752E-167
3.641748275E-67
6.919707104E-02
3.458459521E-323
5.310078974E-02
9.881312917E-324
3.842184175E-273
2.470328229E-323
