1.512188617E-07
2.155729885E-04
1.482796093E-10
1.620447587E-06
3.513245131E-07
7.455039790E-13
1.405683514E-03
1.339246580E-07
4.786493839E-02
1.341157791E-07
2.311815968E-177
1.913320482E-02
1.218321490E-06
6.123415960E-04
2.806321733E-02
6.596889733E-03
1.138805371E-11
1.864150225E-06
1.618221761E-78
2.298788786E-02
3.585002697E-106
5.410049095E-161
1.300809142E-02
1.910100435E-52
6.963140891E-33
1.475831869E-01
2.658536844E-07
3.053221378E-08
5.230673916E-11
7.033539887E-13
5.166851295E-03
1.223725756E-07
7.643727627E-20
1.976262583E-322
2.588715702E-246
1.121188050E-34
5.774626895E-06
5.208572529E-06
5.407619509E-04
1.407974186E-02
2.770984290E-09
1.848077783E-07
1.568230872E-01
4.988602123E-02
1.579875123E-19
6.252791738E-02
2.093994156E-08
8.671170602E-15
4.991604125E-02
1.140911842E-176
1.733365151E-02
2.548254284E-02
9.528217402E-03
3.155384171E-06
1.655023845E-109
4.527005609E-19
2.091148165E-04
9.257886325E-85
5.148112075E-06
1.101055672E-14
4.114486253E-06
4.230403321E-11
1.007707483E-05
8.625022992E-03
4.024343379E-92
5.994326748E-20
1.992971024E-80
4.772631727E-03
1.102461732E-78
1.397118177E-156
1.754650815E-59
5.595513462E-09
2.185474948E-05
8.771689424E-05
4.122470365E-06
9.997236908E-07
1.488033303E-08
4.604653888E-310
4.321202258E-03
1.184559513E-20
3.427515868E-02
2.659178613E-03
3.378680237E-07
8.341646816E-48
1.051118821E-05
1.934599728E-10
9.440150339E-09
6.260962713E-73
3.006602622E-04
3.284913405E-03
6.562831273E-10
1.057240852E-10
1.937584235E-11
3.656998627E-05
2.306613521E-01
1.644696102E-76
4.176465172E-03
9.708255397E-21
5.066718749E-209
1.339771102E-01
2.721987516E-07
7.963098132E-06
7.144548349E-13
3.595432323E-208
1.710607107E-49
7.986631244E-08
7.984447571E-03
1.079420385E-06
2.163573523E-166
2.215926712E-33
2.711327608E-09
1.463167852E-01
9.074253959E-13
3.496666290E-08
8.114573821E-02
6.253161443E-16
3.356615548E-33
5.577125242E-07
8.607179039E-08
4.357045744E-04
6.382711501E-10
2.737140071E-03
5.873196186E-19
8.408892263E-06
6.387622545E-09
8.102772569E-06
1.087424877E-13
8.924135527E-83
