8.704181348E-66
3.996044373E-23
3.952525167E-323
6.158885452E-02
1.278430979E-19
6.094960067E-25
1.790338029E-50
4.340908605E-19
3.824928854E-02
8.399115979E-323
1.976262583E-323
7.918578118E-31
1.121199439E-02
1.896014996E-02
8.592051699E-32
1.090242064E-01
4.736048772E-41
1.668474288E-256
3.458459521E-323
7.338185117E-06
1.482196938E-323
9.881312917E-324
4.631572697E-10
1.187119080E-105
3.405995584E-03
4.818390717E-22
2.984162403E-30
8.893181625E-323
1.630416631E-322
7.427034598E-28
4.917694045E-03
6.314820496E-50
2.964393875E-323
4.446590813E-323
4.446590813E-323
2.173888842E-322
4.341342761E-32
9.697694601E-03
2.445888845E-35
9.691860932E-08
1.926856019E-322
3.281127020E-30
1.484562126E-02
1.140388372E-33
6.916919042E-323
1.095502083E-04
1.235345812E-20
4.446590813E-323
4.564373479E-06
5.928787750E-323
1.313336970E-10
5.033046388E-02
1.976262583E-323
1.293782287E-01
4.940656458E-324
2.964393875E-323
1.710886648E-39
4.446590813E-323
2.350884131E-50
1.896639067E-02
1.565701564E-01
1.537523977E-02
3.290899863E-02
2.895393024E-30
1.482196938E-322
3.952525167E-323
1.482196938E-323
1.136350985E-322
2.964393875E-323
1.203480348E-11
1.482196938E-323
5.330749898E-14
2.947253171E-10
1.455668033E-08
6.584839547E-12
5.243693459E-14
1.086944421E-322
1.976262583E-323
1.562220174E-02
6.223641677E-11
6.555771242E-17
1.037342750E-32
1.228999399E-24
3.458459521E-323
1.976262583E-323
3.540784556E-134
1.440067845E-18
9.881312917E-324
1.331175084E-63
1.184431819E-14
5.789752736E-08
2.964393875E-323
9.213164484E-22
5.434722104E-323
1.226916917E-11
1.136350985E-322
3.020742483E-24
3.952525167E-323
9.881312917E-324
4.852709188E-02
5.909636396E-55
1.482196938E-323
9.881312917E-324
2.470328229E-323
4.446590813E-323
9.280333627E-05
3.469127979E-21
9.886815785E-12
9.881312917E-324
2.470328229E-323
3.701835177E-50
1.750565064E-35
2.964393875E-323
1.266602770E-05
3.930962007E-02
7.410984688E-323
1.976262583E-323
4.885455672E-22
4.495040701E-29
2.073243103E-01
2.140851376E-12
1.582347760E-01
2.091452749E-30
3.827047508E-19
4.834258354E-02
3.952525167E-323
1.041751908E-90
5.928787750E-323
