1.677349440E-03
6.674565242E-03
3.516482822E-98
2.064855541E-03
9.079754893E-04
2.885523403E-02
5.405746256E-03
1.193151996E-03
6.908533185E-03
1.626303039E-05
1.739277122E-08
5.992319608E-03
1.795952329E-04
1.328688086E-08
6.922098199E-04
7.984278854E-04
1.247004015E-08
5.514152613E-07
7.976511336E-05
1.161032522E-02
1.159617259E-02
9.301655740E-06
5.202392069E-03
7.263272783E-04
5.143925257E-04
2.608446093E-133
8.173388291E-02
1.074051726E-02
4.913773698E-04
8.327698275E-05
1.311697605E-25
5.653697035E-07
1.397620358E-02
8.762340181E-06
5.054873703E-04
2.175094710E-07
1.159736188E-04
1.709907108E-03
1.222751070E-02
1.410921629E-03
3.153847377E-19
3.222126353E-02
1.742069241E-07
2.824031873E-01
1.660100246E-02
2.032033092E-03
1.448129206E-03
1.067518834E-04
1.112817671E-04
4.725880704E-42
2.156570789E-03
1.058289026E-02
2.346997318E-02
1.789617462E-10
2.147991990E-02
2.889560928E-05
7.744939735E-03
2.521723150E-62
1.177784185E-04
2.705381693E-18
9.742229773E-04
1.577467132E-06
3.372786740E-03
2.486813501E-02
5.322197843E-21
2.407175249E-03
1.695931029E-02
4.819248496E-04
1.092016840E-02
4.772593725E-04
1.195676532E-35
1.769810899E-05
1.783248821E-02
2.731782280E-03
5.242028499E-03
5.269527759E-03
1.407844723E-03
2.851103231E-06
2.119201306E-04
2.348771305E-37
1.534239310E-65
1.259433798E-03
7.260639918E-03
1.884868036E-05
1.682943047E-02
2.671192741E-03
4.017361561E-07
7.551299955E-10
3.930400188E-10
6.137322216E-03
4.139114178E-03
3.646896936E-02
5.780672840E-40
4.115799761E-185
5.608560886E-03
1.270640564E-02
1.104691724E-02
4.166982127E-03
2.120619322E-03
4.595831817E-09
3.601166348E-03
3.961922385E-03
7.992440031E-02
2.263753431E-05
9.200584916E-80
8.578737359E-05
1.552400885E-02
6.904871293E-07
1.012249808E-03
3.665407435E-05
9.349149394E-02
3.664659973E-03
2.088726791E-05
2.948839181E-04
6.183150630E-37
2.308350703E-03
5.844208523E-05
3.575510944E-05
1.629844125E-03
1.068445296E-02
1.575666555E-05
2.946949559E-03
4.466582303E-99
1.061128298E-09
9.126787006E-23
4.376687234E-02
3.520607302E-58
2.143756835E-62
