8.897021872E-03
2.456150779E-03
1.614253634E-02
4.459407173E-03
9.482228423E-03
8.550749531E-03
3.103487107E-03
1.989566819E-02
9.879791427E-03
9.676857552E-03
7.212313014E-03
2.851534737E-03
6.366692284E-03
2.005463559E-02
2.707660121E-04
1.084266917E-02
4.792656100E-03
1.588479702E-03
1.569817865E-03
1.358512046E-03
8.669202661E-04
1.369785199E-04
5.284880860E-03
1.259048614E-02
7.970012499E-03
8.850996607E-03
1.360675266E-02
7.946430953E-03
6.833910354E-04
3.901700819E-03
1.711599681E-02
8.520103633E-04
6.523652629E-03
1.289206191E-02
9.594937634E-03
1.339060585E-02
5.650431606E-03
1.091889437E-02
7.004613526E-03
1.396010032E-02
7.427660878E-03
5.509677781E-04
6.000234418E-03
1.210000746E-02
2.516532443E-02
3.280562318E-04
2.924592015E-03
1.393688647E-03
1.922683124E-02
2.167715152E-02
1.157786485E-02
1.322413626E-02
1.126621003E-04
2.490594058E-03
2.972665892E-03
9.696721557E-03
1.412280512E-02
1.125167879E-02
9.620152450E-03
9.665213310E-03
4.351582956E-03
1.685983415E-02
6.197181727E-03
3.979287084E-03
3.067361268E-03
8.442579658E-04
5.943555307E-03
5.531120938E-03
2.939288114E-03
9.119502946E-03
2.246139627E-02
2.196993661E-03
2.120319394E-03
5.429328102E-03
1.807122898E-02
1.083720727E-02
1.700615128E-04
8.270008640E-03
4.174766520E-03
6.078660061E-03
1.179019028E-02
2.140122589E-04
2.203507386E-02
1.263289648E-02
1.675222261E-02
1.529821671E-02
5.469609404E-03
1.769818453E-02
8.600197389E-03
1.456608435E-03
4.316176345E-03
4.358318470E-03
2.789669804E-03
1.123789870E-02
8.883432708E-03
4.713538568E-03
2.499316334E-03
5.894182569E-03
1.300585709E-03
2.927794303E-02
1.367142825E-02
1.590557019E-02
2.060495888E-03
1.201340825E-02
9.325898759E-03
7.028946026E-03
9.689965905E-04
7.266128553E-03
3.507916348E-04
1.043904672E-03
1.091442925E-02
7.272828795E-03
8.335324215E-05
6.037155950E-03
7.843716478E-03
1.836381630E-03
1.920261319E-04
9.724124594E-04
4.659751238E-03
2.013292634E-02
9.944132662E-03
4.067074935E-03
7.602227057E-03
1.062382691E-02
2.319884666E-02
4.810128452E-03
9.383949349E-03
1.820187179E-02
