3.412147671E-03
1.924422273E-02
3.806392528E-48
3.998395782E-02
1.514326830E-05
1.276888461E-02
4.320389168E-07
1.814803399E-03
5.536549205E-02
6.606529023E-02
5.044120781E-05
2.680518839E-02
2.829814356E-08
5.739898696E-07
1.783871826E-02
2.850584186E-03
1.001369116E-06
1.003837544E-04
6.718727120E-12
4.872271848E-02
2.320469137E-26
3.181587534E-11
1.467076722E-06
1.548081278E-04
2.163545051E-04
4.743835279E-32
6.420286930E-09
2.139882054E-07
7.088444281E-11
1.335354569E-07
5.490714885E-03
1.457826437E-06
1.591438383E-19
4.313748250E-18
6.448761703E-04
3.444421468E-06
2.176446693E-08
6.386177268E-02
3.855051970E-04
2.076308254E-04
7.789177382E-03
2.376318679E-06
1.103505734E-04
6.851058187E-28
4.180380997E-04
1.531994774E-02
2.754024146E-04
2.912924427E-02
7.120846158E-05
1.035484139E-09
6.875694695E-03
1.060478266E-02
3.228203217E-10
6.188103328E-09
9.068073452E-09
9.302030177E-04
7.215893239E-03
9.126455387E-23
8.356321008E-07
1.249628057E-07
1.171880206E-04
2.091772646E-08
1.506359936E-02
1.924782975E-04
1.071891584E-02
4.014777756E-03
1.394134075E-11
6.067351781E-27
4.060861659E-02
1.825129271E-04
7.584977137E-03
1.055646056E-03
4.532022630E-05
1.457526587E-04
1.775697866E-03
1.284266280E-03
1.178940851E-02
7.861754931E-06
7.841270667E-09
3.394550775E-07
5.287697275E-14
6.060961239E-03
3.751653280E-04
3.818679112E-03
2.620561995E-15
8.890360222E-02
5.193404307E-02
3.923919543E-05
3.596411191E-04
5.017108860E-03
5.418843240E-03
8.872504782E-10
2.434749877E-19
1.905148742E-22
9.203753142E-04
3.626799550E-02
1.630139036E-04
6.109540367E-03
1.174810690E-28
1.358102292E-02
6.145028934E-10
2.771644107E-17
3.511120890E-07
1.029705027E-03
2.759711724E-11
5.241561187E-04
1.288025486E-02
2.180711648E-02
2.462390272E-11
9.356424441E-07
2.730774854E-10
1.963206203E-02
6.097934596E-04
1.798972352E-03
4.343132719E-06
7.385460420E-03
3.412006146E-05
2.782167650E-04
2.267176537E-06
4.984368667E-02
1.956510953E-05
1.140194498E-03
7.540291802E-17
2.609979065E-02
7.152280060E-07
8.627254103E-03
7.139247860E-17
1.508118876E-64
